%YAML:1.0
---
K1: !!opencv-matrix
   rows: 3
   cols: 3
   dt: d
   data: [ 549.94553605245312, 0., 328.1085161069314, 0.,
       552.65510667584306, 236.45038180957783, 0., 0., 1. ]
D1: !!opencv-matrix
   rows: 1
   cols: 5
   dt: d
   data: [ -0.34592261718295486, 0.49032019280280331, 0., 0.,
       -0.76013189702826522 ]
K2: !!opencv-matrix
   rows: 3
   cols: 3
   dt: d
   data: [ 561.47518169341299, 0., 308.82016268326066, 0.,
       547.8200851897119, 244.88910509871241, 0., 0., 1. ]
D2: !!opencv-matrix
   rows: 1
   cols: 5
   dt: d
   data: [ -0.27832572917166404, -0.23805438983267899, 0., 0.,
       0.80632910778836953 ]
R: !!opencv-matrix
   rows: 3
   cols: 3
   dt: d
   data: [ 0.99980042038256467, 0.0037078714646934683,
       0.019630870893777966, -0.0037852815014441923, 0.99998520107282785,
       0.0039075925185184952, -0.019616091527154215,
       -0.0039811210151500329, 0.99979965974622187 ]
T: !!opencv-matrix
   rows: 3
   cols: 1
   dt: d
   data: [ -84.893141233921838, 1.3703798444014552, 1.9731584740338053 ]
R1: !!opencv-matrix
   rows: 3
   cols: 3
   dt: d
   data: [ 0.99991716738252179, -0.012336827766264687,
       -0.0036689309586337426, 0.012344248282930714, 0.99992179307219731,
       0.0020068068195925885, 0.0036438863927216736,
       -0.002051930785217271, 0.99999125579777426 ]
R2: !!opencv-matrix
   rows: 3
   cols: 3
   dt: d
   data: [ 0.99959983661518248, -0.016135949838280914,
       -0.023233548194729083, 0.016088761471620118, 0.99986811063104364,
       -0.0022165507926501836, 0.02326625008912327,
       0.0018418647951379747, 0.99972760747158862 ]
P1: !!opencv-matrix
   rows: 3
   cols: 4
   dt: d
   data: [ 550.23759593277748, 0., 329.23191070556641, 0., 0.,
       550.23759593277748, 240.71632194519043, 0., 0., 0., 1., 0. ]
P2: !!opencv-matrix
   rows: 3
   cols: 4
   dt: d
   data: [ 550.23759593277748, 0., 329.23191070556641,
       -46730.097617770458, 0., 550.23759593277748, 240.71632194519043,
       0., 0., 0., 1., 0. ]
Q: !!opencv-matrix
   rows: 4
   cols: 4
   dt: d
   data: [ 1., 0., 0., -329.23191070556641, 0., 1., 0.,
       -240.71632194519043, 0., 0., 0., 550.23759593277748, 0., 0.,
       0.011774800909543444, 0. ]
