%YAML:1.0
---
K: !!opencv-matrix
   rows: 3
   cols: 3
   dt: d
   data: [ 542.10848010426889, 0., 328.35977950967981, 0.,
       541.38094560268462, 247.03670247245384, 0., 0., 1. ]
D: !!opencv-matrix
   rows: 1
   cols: 5
   dt: d
   data: [ -0.28170659539245219, 0.10822568950109496,
       -0.00055355423562413613, 0.0012465357625307753,
       -0.028142369799944004 ]
