%YAML:1.0
---
K: !!opencv-matrix
   rows: 3
   cols: 3
   dt: d
   data: [ 535.89092455130697, 0., 342.29577508377969, 0.,
       535.84679297069817, 235.51985098045395, 0., 0., 1. ]
D: !!opencv-matrix
   rows: 1
   cols: 5
   dt: d
   data: [ -0.26617146937970954, -0.039881750908126831,
       0.0017946908534680615, -0.00029708231909166948,
       0.2403126366210846 ]
